version https://git-lfs.github.com/spec/v1
oid sha256:ed0b2de6fd5c2a441766eb012a81ca5c66943aa60d21bf7240e42172a8a43c96
size 96667
